1,,1.06055e-38
2,,1.05614e-38
3,,1.04108e+12
4,,1.14314e+27
5,,1.76574e+22
6,,1.81768e+31
7,,2.09713e+17
8,,825.146
9,,2.37949e+17
10,,7.71601e+31
11,,1.0444e-08
12,,1.80539e+28
13,,1.96038e+31
14,,7.30299e+22
15,,6.85705e+22
16,,1.11768e+33
17,,1.98362e+17
18,,2.89575e+32
19,,1.05975e-38
20,,5.09433e+07
21,,189.263
22,,1.69041e+31
23,,2.74097e+17
24,,1.09508e+27
25,,1.37856e+11
26,,1.07218e+33
27,,4.7401e+30
28,,1.03749e-08
29,,4.60942e-39
30,,9.07401e+11
31,,8.65326e+08
32,,0.0481694
33,,1.88907e+31
34,,9.31428e-39
35,,7.716e+31
36,,3.89064e+30
37,,0.0560211
38,,5.50733e+11
39,,7.21492e+22
40,,7.40666e+28
41,,0.000744782
42,,8.44486e+08
43,,9.24748e+11
44,,2.06914e+08
45,,0.00074478
46,,7.18194e+22
47,,1.06604e+27
48,,7.28637e+28
49,,2.97422e+29
50,,2.81751e+20
51,